main2
   Welcome to Wind Quant API!
   Copyright(c) 2012-2016 Shanghai Wind Information Co., Ltd. All rights reserved.
   In no circumstance shall Wind be responsible for any damages or losses caused by using Wind Quant API.
   
   You can use w.menu to toggle the wind toolbar on and off.
   Type 'help windmatlab' for more information.
20030102 100.000000
20030103 99.931097
20030106 100.002385
20030107 100.020971
20030108 100.058989
20030109 100.082131
20030110 100.090233
20030113 99.981001
20030114 100.126509
20030115 100.008684
20030116 100.094509
20030117 100.063237
20030120 100.029541
20030121 100.041700
20030122 99.991611
20030123 100.021294
20030124 100.094535
20030127 100.153851
20030128 100.264960
20030129 100.298623
20030210 100.302678
20030211 100.362717
20030212 100.471827
20030213 100.627245
20030214 100.622981
20030217 100.594021
20030218 100.532637
20030219 100.546481
20030220 100.544580
20030221 100.502146
20030224 100.595290
20030225 100.696652
20030226 100.651393
20030227 100.679512
20030228 100.726948
20030303 100.874079
20030304 101.124736
20030305 101.490538
20030306 101.780656
20030307 101.699256
20030310 101.604898
20030311 101.593054
20030312 101.619102
20030313 101.598499
20030314 101.893461
20030317 101.852947
20030318 101.934443
20030319 102.029919
20030320 102.027945
20030321 102.087455
20030324 102.379726
20030325 102.498855
20030326 102.866644
20030327 103.063821
20030328 102.924199
20030331 103.164812
20030401 103.060187
20030402 103.051727
20030403 103.043158
20030404 103.434905
20030407 103.448729
20030408 103.676350
20030409 104.732618
20030410 105.390567
20030411 106.876480
20030414 107.803425
20030415 108.840763
20030416 108.523399
20030417 108.212571
20030418 107.681756
20030421 107.509996
20030422 107.527280
20030423 107.079284
20030424 105.882206
20030425 105.700346
20030428 106.668483
20030429 106.165927
20030430 106.575635
20030512 107.146279
20030513 106.949235
20030514 107.168540
20030515 107.570363
20030516 107.805305
20030519 108.093113
20030520 108.013586
20030521 108.269478
20030522 108.371023
20030523 109.389243
20030526 109.291145
20030527 109.162579
20030528 108.983140
20030529 109.123707
20030530 109.144384
20030602 109.786647
20030603 109.866419
20030604 109.694558
20030605 109.881284
20030606 109.598507
20030609 109.680064
20030610 109.761050
20030611 109.950591
20030612 110.204882
20030613 110.277905
20030616 110.277748
20030617 109.915147
20030618 109.308603
20030619 108.994469
20030620 109.164456
20030623 108.941354
20030624 108.876860
20030625 108.625618
20030626 108.389909
20030627 108.125504
20030630 108.195501
20030701 108.113059
20030702 108.218462
20030703 108.409706
20030704 108.330844
20030707 108.407672
20030708 108.508984
20030709 108.468526
20030710 108.782458
20030711 108.873297
20030714 108.818739
20030715 108.799889
20030716 108.866640
20030717 109.028078
20030718 108.801813
20030721 108.815393
20030722 108.927988
20030723 108.846551
20030724 108.949485
20030725 108.835233
20030728 109.046987
20030729 109.206227
20030730 109.751599
20030731 109.842272
20030801 109.889851
20030804 110.134832
20030805 110.359644
20030806 110.567132
20030807 110.804810
20030808 110.818859
20030811 110.771346
20030812 110.764820
20030813 110.776465
20030814 110.673541
20030815 110.719447
20030818 110.790393
20030819 110.874206
20030820 111.045818
20030821 111.316068
20030822 111.266007
20030825 111.150245
20030826 111.007044
20030827 111.070290
20030828 111.091509
20030829 111.103801
20030901 111.145291
20030902 111.192952
20030903 110.980894
20030904 110.878238
20030905 110.653733
20030908 110.498392
20030909 110.231352
20030910 110.204470
20030911 110.234519
20030912 110.147216
20030915 109.992967
20030916 109.540897
20030917 109.501095
20030918 109.559952
20030919 109.725730
20030922 109.707240
20030923 109.573559
20030924 109.417999
20030925 108.571636
20030926 108.492532
20030929 108.021171
20030930 108.483383
20031008 108.233270
20031009 108.306898
20031010 108.623455
20031013 108.550150
20031014 108.613556
20031015 108.539696
20031016 108.509199
20031017 108.425772
20031020 108.079486
20031021 108.120276
20031022 108.996984
20031023 108.797416
20031024 108.804153
20031027 108.724780
20031028 108.565423
20031029 108.631048
20031030 108.688865
20031031 108.540267
20031103 108.524626
20031104 109.076488
20031105 108.841079
20031106 108.607525
20031107 108.276717
20031110 108.628102
20031111 109.044305
20031112 108.782659
20031113 108.640113
20031114 108.754391
20031117 108.706521
20031118 108.335431
20031119 108.529704
20031120 108.606197
20031121 108.748855
20031124 108.973652
20031125 109.026072
20031126 109.117758
20031127 109.037460
20031128 109.033649
20031201 109.423694
20031202 109.593577
20031203 109.616434
20031204 109.550514
20031205 109.580776
20031208 109.648577
20031209 109.703240
20031210 109.911598
20031211 110.085246
20031212 110.160790
20031215 110.295405
20031216 110.062352
20031217 110.216517
20031218 110.256554
20031219 110.655698
20031222 111.756570
20031223 111.908765
20031224 112.454309
20031225 113.177728
20031226 113.033824
20031229 112.819985
20031230 112.862366
20031231 112.249255
20040102 112.500335
20040105 112.982372
20040106 112.903284
20040107 113.452586
20040108 114.085340
20040109 113.748509
20040112 113.739536
20040113 114.224470
20040114 114.472674
20040115 114.680264
20040116 115.279819
20040129 116.853780
20040130 116.725117
20040202 117.930272
20040203 118.689742
20040204 120.133433
20040205 120.026754
20040206 120.518010
20040209 121.042951
20040210 121.199892
20040211 121.191379
20040212 121.461561
20040213 121.454130
20040216 122.713376
20040217 123.693123
20040218 124.432227
20040219 124.840154
20040220 125.175554
20040223 123.741982
20040224 122.549575
20040225 121.582018
20040226 121.574046
20040227 122.336853
20040301 123.772652
20040302 124.095419
20040303 123.112495
20040304 123.300176
20040305 123.446822
20040308 123.309698
20040309 123.066836
20040310 123.902053
20040311 125.282732
20040312 125.396299
20040315 126.644408
20040316 126.806695
20040317 127.243151
20040318 126.693928
20040319 127.489568
20040322 127.232972
20040323 126.564160
20040324 126.596278
20040325 126.881876
20040326 127.216343
20040329 126.973415
20040330 126.777152
20040331 127.554052
20040401 128.270185
20040402 130.300042
20040405 131.428507
20040406 132.030367
20040407 133.003214
20040408 133.918440
20040409 131.753675
20040412 131.325616
20040413 131.199613
20040414 128.973852
20040415 128.118412
20040416 128.441783
20040419 128.242420
20040420 127.449712
20040421 126.794155
20040422 126.926813
20040423 126.566977
20040426 126.434547
20040427 125.742394
20040428 125.046765
20040429 121.855966
20040430 123.036075
20040510 122.296271
20040511 122.260539
20040512 123.275853
20040513 123.269449
20040514 122.570605
20040517 122.580422
20040518 122.771235
20040519 123.494587
20040520 123.388602
20040521 123.893014
20040524 123.657004
20040525 123.229065
20040526 123.495372
20040527 124.163740
20040528 124.082241
20040531 124.112822
20040601 124.674908
20040602 124.359737
20040603 123.865543
20040604 123.665127
20040607 122.727230
20040608 122.393875
20040609 122.151579
20040610 121.812310
20040611 121.798432
20040614 121.297038
20040615 121.349143
20040616 121.871862
20040617 121.084337
20040618 120.949831
20040621 120.879937
20040622 121.318387
20040623 121.137861
20040624 120.990438
20040625 120.829856
20040628 121.038430
20040629 121.015113
20040630 121.153900
20040701 121.730613
20040702 121.846207
20040705 121.893469
20040706 122.419941
20040707 122.244005
20040708 122.390650
20040709 122.264593
20040712 121.797374
20040713 121.726670
20040714 121.609413
20040715 121.522925
20040716 122.199957
20040719 121.875112
20040720 121.416836
20040721 121.080436
20040722 120.348118
20040723 120.247163
20040726 119.682290
20040727 119.359219
20040728 119.321312
20040729 119.794801
20040730 120.350281
20040802 120.630741
20040803 120.538975
20040804 121.189089
20040805 120.924545
20040806 120.806471
20040809 120.787624
20040810 120.749611
20040811 120.411307
20040812 120.234460
20040813 120.555529
20040816 120.690044
20040817 120.836629
20040818 121.071355
20040819 120.883764
20040820 120.888093
20040823 120.573260
20040824 120.642210
20040825 120.546510
20040826 120.601380
20040827 120.567947
20040830 120.568593
20040831 120.577494
20040901 120.517905
20040902 120.519481
20040903 120.577294
20040906 120.493445
20040907 120.511451
20040908 120.382201
20040909 120.161003
20040910 120.127454
20040913 119.632566
20040914 119.708621
20040915 120.596012
20040916 120.921306
20040917 121.425351
20040920 122.734807
20040921 122.508100
20040922 122.194573
20040923 122.734159
20040924 122.412040
20040927 122.233378
20040928 122.192863
20040929 122.142973
20040930 121.834591
20041008 122.028240
20041011 122.408994
20041012 122.350479
20041013 122.196431
20041014 121.342660
20041015 121.360692
20041018 121.331386
20041019 121.317765
20041020 121.317450
20041021 121.062879
20041022 121.386538
20041025 121.062009
20041026 120.949683
20041027 121.355186
20041028 121.570519
20041029 121.137399
20041101 120.842527
20041102 121.023144
20041103 121.103426
20041104 120.861398
20041105 120.677175
20041108 120.541959
20041109 120.479803
20041110 120.911582
20041111 120.918801
20041112 120.765302
20041115 120.775239
20041116 120.655509
20041117 120.266503
20041118 120.358332
20041119 120.656149
20041122 120.955556
20041123 121.084765
20041124 120.979476
20041125 120.771972
20041126 120.765013
20041129 120.517406
20041130 120.629108
20041201 120.501989
20041202 120.444850
20041203 120.384165
20041206 120.267012
20041207 120.224418
20041208 120.113877
20041209 120.352469
20041210 120.036890
20041213 119.894955
20041214 119.806604
20041215 119.775132
20041216 119.747664
20041217 119.661543
20041220 119.454686
20041221 119.347603
20041222 119.422314
20041223 119.170589
20041224 119.120398
20041227 119.081057
20041228 119.038259
20041229 119.192087
20041230 119.395036
20041231 119.819859
20050104 119.352235
20050105 119.381646
20050106 119.352948
20050107 119.533593
20050110 119.983894
20050111 120.537049
20050112 120.478891
20050113 120.732873
20050114 120.649903
20050117 120.091433
20050118 120.175691
20050119 120.121885
20050120 119.933790
20050121 120.551785
20050124 120.885107
20050125 120.880645
20050126 121.017398
20050127 120.690520
20050128 120.605808
20050131 120.553593
20050201 120.684044
20050202 121.835657
20050203 122.028594
20050204 122.589873
20050216 123.466826
20050217 123.263415
20050218 123.208056
20050221 123.928964
20050222 124.318103
20050223 124.472638
20050224 124.339429
20050225 124.523810
20050228 124.154763
20050301 123.938598
20050302 123.539700
20050303 123.556585
20050304 123.488603
20050307 123.547699
20050308 123.800533
20050309 123.730949
20050310 123.405335
20050311 123.431815
20050314 123.532405
20050315 123.405252
20050316 123.322570
20050317 123.318141
20050318 123.193036
20050321 123.348737
20050322 123.077751
20050323 123.130837
20050324 123.051070
20050325 123.189561
20050328 123.041823
20050329 122.863252
20050330 122.862187
20050331 122.865111
20050401 123.747117
20050404 123.495337
20050405 123.578101
20050406 124.032662
20050407 124.947862
20050408 125.384867
20050411 125.370688
20050412 125.244799
20050413 125.618609
20050414 125.360357
20050415 125.080431
20050418 124.971467
20050419 124.679311
20050420 124.820871
20050421 124.463799
20050422 124.850280
20050425 124.780512
20050426 124.961424
20050427 125.214841
20050428 125.570138
20050429 125.833593
20050509 125.618628
20050510 126.037962
20050511 125.812228
20050512 125.593318
20050513 125.700889
20050516 125.373630
20050517 125.754140
20050518 125.844867
20050519 125.966897
20050520 125.893082
20050523 125.589669
20050524 125.621688
20050525 125.620609
20050526 125.497247
20050527 125.530451
20050530 125.541018
20050531 125.688646
20050601 125.265055
20050602 124.211087
20050603 124.037033
20050606 124.304022
20050607 124.438875
20050608 127.189866
20050609 127.460954
20050610 126.837179
20050613 126.628242
20050614 126.642744
20050615 126.479600
20050616 126.539255
20050617 126.886761
20050620 127.956275
20050621 127.798607
20050622 128.378308
20050623 128.398501
20050624 128.582518
20050627 128.955280
20050628 128.778820
20050629 128.279437
20050630 127.858418
20050701 127.466938
20050704 127.403440
20050705 127.509224
20050706 127.198683
20050707 127.271675
20050708 127.171852
20050711 127.410749
20050712 127.842340
20050713 127.735718
20050714 127.768130
20050715 127.725387
20050718 127.734775
20050719 127.470441
20050720 127.601194
20050721 127.462939
20050722 127.746547
20050725 127.743424
20050726 128.413843
20050727 128.782117
20050728 128.993627
20050729 129.017359
20050801 129.383896
20050802 129.650766
20050803 129.827074
20050804 129.927900
20050805 130.702555
20050808 130.956205
20050809 131.326742
20050810 131.692634
20050811 132.518296
20050812 132.247980
20050815 132.567658
20050816 132.568971
20050817 132.405614
20050818 131.771765
20050819 131.759463
20050822 131.804578
20050823 131.866072
20050824 132.259584
20050825 132.332579
20050826 132.318645
20050829 131.977448
20050830 131.921911
20050831 132.566815
20050901 133.362662
20050902 133.441276
20050905 133.653941
20050906 133.719811
20050907 134.344821
20050908 134.334874
20050909 134.372317
20050912 134.515380
20050913 134.881866
20050914 135.345852
20050915 135.505543
20050916 135.357783
20050919 135.139827
20050920 134.932367
20050921 134.301784
20050922 133.035200
20050923 132.907515
20050926 133.032712
20050927 132.549958
20050928 132.361253
20050929 132.475526
20050930 132.762022
20051010 132.460791
20051011 131.997260
20051012 131.732794
20051013 131.405972
20051014 131.277051
20051017 131.035271
20051018 130.991844
20051019 131.092648
20051020 130.822164
20051021 130.770734
20051024 130.757814
20051025 130.508797
20051026 130.225202
20051027 130.258960
20051028 130.272441
20051031 130.276583
20051101 129.971122
20051102 130.266858
20051103 130.326470
20051104 130.436823
20051107 130.412569
20051108 130.625966
20051109 130.593224
20051110 130.532938
20051111 130.459483
20051114 130.392459
20051115 130.247898
20051116 130.204157
20051117 130.125316
20051118 130.550977
20051121 130.440108
20051122 130.098128
20051123 129.896290
20051124 129.854082
20051125 129.992455
20051128 130.053817
20051129 129.990252
20051130 129.938599
20051201 129.680856
20051202 129.708640
20051205 129.432963
20051206 129.568079
20051207 129.773597
20051208 129.761823
20051209 129.931140
20051212 130.023698
20051213 129.949815
20051214 130.301296
20051215 130.845598
20051216 131.230304
20051219 131.716457
20051220 131.827022
20051221 131.992666
20051222 132.313599
20051223 132.900029
20051226 133.074082
20051227 133.183872
20051228 133.687165
20051229 133.786794
20051230 133.612603
20060104 134.720214
20060105 135.542193
20060106 136.582155
20060109 136.845943
20060110 137.163050
20060111 137.863441
20060112 138.884385
20060113 139.100450
20060116 138.232588
20060117 138.956985
20060118 140.402119
20060119 140.936297
20060120 141.456970
20060123 141.883673
20060124 142.450205
20060125 142.951907
20060206 143.277599
20060207 143.325547
20060208 144.018663
20060209 143.739759
20060210 144.177203
20060213 143.635149
20060214 143.381572
20060215 143.109420
20060216 141.656521
20060217 141.513135
20060220 141.463949
20060221 142.209691
20060222 142.658567
20060223 142.522113
20060224 143.144093
20060227 143.614220
20060228 143.645387
20060301 143.964082
20060302 143.443130
20060303 142.849031
20060306 142.413111
20060307 141.500580
20060308 141.498387
20060309 141.507690
20060310 141.435403
20060313 141.832270
20060314 141.946031
20060315 142.091981
20060316 141.917392
20060317 141.819606
20060320 142.200958
20060321 142.488959
20060322 142.560711
20060323 143.011514
20060324 142.926729
20060327 142.764394
20060328 142.659575
20060329 143.309691
20060330 143.140527
20060331 143.568933
20060403 145.526059
20060404 145.799328
20060405 146.203784
20060406 146.788450
20060407 146.789015
20060410 147.543664
20060411 147.781965
20060412 148.216093
20060413 147.410446
20060414 147.824692
20060417 148.069095
20060418 148.058634
20060419 148.369672
20060420 147.788932
20060421 147.766353
20060424 147.433351
20060425 147.015755
20060426 147.530333
20060427 147.476438
20060428 148.654487
20060508 149.593472
20060509 150.522435
20060510 151.375906
20060511 151.649216
20060512 153.607398
20060515 157.788194
20060516 155.774375
20060517 157.683255
20060518 157.256075
20060519 158.773170
20060522 159.573928
20060523 157.745376
20060524 156.721943
20060525 156.129938
20060526 156.637444
20060529 161.226305
20060530 162.937323
20060531 164.460126
20060601 168.311439
20060602 169.008382
20060605 168.729001
20060606 168.209860
20060607 164.904132
20060608 164.552352
20060609 162.998132
20060612 162.985062
20060613 161.966858
20060614 162.036229
20060615 162.593495
20060616 164.434810
20060619 164.728857
20060620 166.135705
20060621 166.513103
20060622 167.544691
20060623 170.430770
20060626 170.801629
20060627 171.178550
20060628 171.925489
20060629 173.388770
20060630 174.600314
20060703 175.200903
20060704 174.044333
20060705 173.427989
20060706 173.786914
20060707 174.091962
20060710 174.509199
20060711 174.442980
20060712 174.488031
20060713 172.660075
20060714 172.421094
20060717 172.677155
20060718 172.249746
20060719 170.054687
20060720 171.254651
20060721 171.338662
20060724 171.960579
20060725 173.641621
20060726 173.725506
20060727 173.640236
20060728 172.765378
20060731 171.907618
20060801 171.828219
20060802 171.233967
20060803 170.030133
20060804 169.051859
20060807 168.074633
20060808 169.129311
20060809 169.090225
20060810 169.313721
20060811 170.006061
20060814 170.351655
20060815 171.331235
20060816 173.079353
20060817 172.995180
20060818 173.575963
20060821 173.721407
20060822 174.331830
20060823 174.694448
20060824 175.023152
20060825 175.323178
20060828 175.835675
20060829 175.870355
20060830 175.685872
20060831 175.493750
20060901 175.299928
20060904 175.373360
20060905 175.164030
20060906 175.119941
20060907 175.447015
20060908 175.372647
20060911 175.277348
20060912 175.268897
20060913 175.392171
20060914 174.968262
20060915 175.557206
20060918 175.606596
20060919 175.992981
20060920 176.118011
20060921 176.085434
20060922 175.830318
20060925 175.735234
20060926 175.784741
20060927 176.249290
20060928 176.619670
20060929 178.090090
20061009 178.431848
20061010 178.339725
20061011 178.335752
20061012 178.467371
20061013 178.569456
20061016 178.245804
20061017 178.217977
20061018 178.565631
20061019 178.564042
20061020 178.237512
20061023 177.919988
20061024 178.510716
20061025 178.738644
20061026 178.529668
20061027 178.432463
20061030 178.973603
20061031 178.920895
20061101 179.187602
20061102 180.436240
20061103 181.364124
20061106 182.964384
20061107 183.246805
20061108 182.647021
20061109 182.859328
20061110 182.183537
20061113 180.807536
20061114 181.251386
20061115 181.819201
20061116 180.926662
20061117 181.425843
20061120 181.275149
20061121 180.958200
20061122 181.848225
20061123 182.416729
20061124 183.557334
20061127 183.928692
20061128 183.705343
20061129 183.983107
20061130 186.753768
20061201 187.840105
20061204 190.359154
20061205 190.078546
20061206 189.543008
20061207 191.580270
20061208 189.992305
20061211 190.556806
20061212 190.043688
20061213 190.357538
20061214 191.247646
20061215 192.198549
20061218 193.303961
20061219 193.410226
20061220 194.968014
20061221 195.397518
20061222 194.667297
20061225 194.686258
20061226 193.528560
20061227 193.634996
20061228 192.664619
20061229 194.018627
20070104 195.232664
20070105 198.911414
20070108 203.065004
20070109 204.981777
20070110 207.986024
20070111 209.090998
20070112 206.779969
20070115 209.293569
20070116 210.126406
20070117 210.063786
20070118 211.207333
20070119 213.888744
20070122 223.592271
20070123 223.219544
20070124 226.936418
20070125 223.130486
20070126 229.921687
20070129 236.249705
20070130 235.912605
20070131 231.812747
20070201 231.490225
20070202 229.757896
20070205 232.963240
20070206 234.829956
20070207 235.982684
20070208 241.310590
20070209 243.921394
20070212 248.497323
20070213 253.516827
20070214 258.368841
20070215 263.882447
20070216 264.064461
20070226 267.822190
20070227 258.735117
20070228 270.658837
20070301 268.853432
20070302 273.874846
20070305 271.745416
20070306 271.975913
20070307 277.025444
20070308 278.501717
20070309 279.558275
20070312 284.162043
20070313 284.162043
20070314 284.162043
20070315 284.162043
20070316 284.162043
20070319 284.162043
20070320 284.162043
20070321 284.162043
20070322 284.162043
20070323 284.162043
20070326 284.162043
20070327 284.162043
20070328 284.162043
20070329 284.162043
20070330 284.162043
20070402 284.162043
20070403 284.162043
20070404 284.162043
20070405 284.162043
20070406 284.162043
20070409 284.162043
20070410 284.162043
20070411 284.162043
20070412 284.162043
20070413 284.162043
20070416 284.162043
20070417 284.162043
20070418 284.162043
20070419 284.162043
20070420 284.162043
20070423 284.162043
20070424 284.162043
20070425 284.162043
20070426 284.162043
20070427 284.162043
20070430 284.162043
20070508 284.162043
20070509 284.162043
20070510 284.162043
20070511 284.162043
20070514 284.162043
20070515 284.162043
20070516 284.162043
20070517 284.162043
20070518 284.162043
20070521 284.162043
20070522 284.162043
20070523 284.162043
20070524 284.162043
20070525 284.162043
20070528 284.162043
20070529 284.162043
20070530 284.162043
20070531 284.162043
20070601 284.162043
20070604 284.162043
20070605 289.608552
20070606 289.608552
20070607 289.608552
20070608 289.608552
20070611 289.608552
20070612 289.608552
20070613 289.608552
20070614 289.608552
20070615 289.608552
20070618 289.608552
20070619 289.608552
20070620 289.608552
20070621 289.608552
20070622 289.608552
20070625 289.608552
20070626 289.608552
20070627 289.608552
20070628 289.608552
20070629 289.608552
20070702 289.608552
20070703 289.608552
20070704 289.608552
20070705 289.608552
20070706 289.608552
20070709 289.608552
20070710 289.608552
20070711 289.608552
20070712 289.608552
20070713 289.608552
20070716 289.608552
20070717 289.608552
20070718 289.608552
20070719 289.608552
20070720 289.608552
20070723 289.608552
20070724 289.608552
20070725 289.608552
20070726 289.608552
20070727 289.608552
20070730 289.608552
20070731 289.608552
20070801 289.608552
20070802 289.608552
20070803 289.608552
20070806 289.608552
20070807 289.608552
20070808 289.608552
20070809 289.608552
20070810 289.608552
20070813 289.608552
20070814 289.608552
20070815 289.608552
20070816 289.608552
20070817 289.608552
20070820 289.608552
20070821 289.608552
20070822 289.608552
20070823 289.608552
20070824 289.608552
20070827 289.608552
20070828 289.608552
20070829 289.608552
20070830 289.608552
20070831 289.608552
20070903 289.608552
20070904 289.608552
20070905 289.608552
20070906 289.608552
20070907 289.608552
20070910 289.608552
20070911 289.608552
20070912 289.608552
20070913 289.608552
20070914 289.608552
20070917 289.608552
20070918 289.608552
20070919 289.608552
20070920 289.608552
20070921 289.608552
20070924 289.608552
20070925 289.608552
20070926 289.608552
20070927 289.608552
20070928 289.608552
20071008 289.608552
20071009 289.608552
20071010 289.608552
20071011 289.608552
20071012 289.608552
20071015 289.608552
20071016 289.608552
20071017 289.608552
20071018 289.608552
20071019 289.608552
20071022 289.608552
20071023 289.608552
20071024 289.608552
20071025 289.608552
20071026 289.608552
20071029 289.608552
20071030 289.608552
20071031 289.608552
20071101 289.608552
20071102 289.608552
20071105 289.608552
20071106 289.608552
20071107 289.608552
20071108 289.608552
20071109 289.608552
20071112 289.608552
20071113 289.608552
20071114 289.608552
20071115 289.608552
20071116 289.608552
20071119 289.608552
20071120 289.608552
20071121 289.608552
20071122 289.608552
20071123 289.608552
20071126 289.608552
20071127 289.608552
20071128 289.608552
20071129 289.608552
20071130 289.608552
20071203 289.608552
20071204 289.608552
20071205 289.608552
20071206 289.608552
20071207 289.608552
20071210 289.608552
20071211 289.608552
20071212 289.608552
20071213 289.608552
20071214 289.608552
20071217 289.608552
20071218 289.608552
20071219 289.608552
20071220 289.608552
20071221 289.608552
20071224 289.608552
20071225 289.608552
20071226 289.608552
20071227 289.608552
20071228 289.608552
20080102 289.608552
20080103 289.608552
20080104 289.608552
20080107 289.608552
20080108 289.608552
20080109 289.608552
20080110 289.608552
20080111 289.608552
20080114 289.608552
20080115 289.608552
20080116 289.608552
20080117 289.608552
20080118 289.608552
20080121 289.608552
20080122 289.608552
20080123 289.608552
20080124 289.608552
20080125 289.608552
20080128 289.608552
20080129 289.608552
20080130 289.608552
20080131 289.608552
20080201 289.608552
20080204 289.608552
20080205 289.608552
20080213 289.608552
20080214 289.608552
20080215 289.608552
20080218 289.608552
20080219 289.608552
20080220 289.608552
20080221 289.608552
20080222 289.608552
20080225 289.608552
20080226 289.608552
20080227 289.608552
20080228 289.608552
20080229 289.608552
20080303 289.608552
20080304 289.608552
20080305 289.608552
20080306 289.608552
20080307 289.608552
20080310 289.608552
20080311 289.608552
20080312 289.608552
20080313 288.084671
20080314 287.381434
20080317 282.508072
20080318 280.977162
20080319 282.531424
20080320 285.504608
20080321 285.999688
20080324 283.350660
20080325 283.694653
20080326 284.021424
20080327 284.021424
20080328 284.021424
20080331 284.021424
20080401 284.021424
20080402 284.021424
20080403 284.021424
20080407 284.021424
20080408 284.021424
20080409 284.021424
20080410 284.021424
20080411 284.021424
20080414 284.021424
20080415 284.021424
20080416 283.041313
20080417 282.045553
20080418 281.256905
20080421 282.343686
20080422 282.288352
20080423 285.990613
20080424 294.057129
20080425 293.932320
20080428 292.616211
20080429 297.786268
20080430 300.203341
20080505 303.005992
20080506 304.697977
20080507 302.510304
20080508 302.633275
20080509 302.756047
20080512 303.246341
20080513 302.437684
20080514 304.479058
20080515 304.217537
20080516 300.365953
20080519 300.467301
20080520 293.863514
20080521 298.482414
20080522 302.289015
20080523 298.019541
20080526 298.223106
20080527 300.378139
20080528 303.270696
20080529 303.089630
20080530 302.921401
20080602 306.087925
20080603 306.355634
20080604 307.370311
20080605 308.790005
20080606 310.621482
20080610 304.371528
20080611 312.590715
20080612 311.461235
20080613 300.927212
20080616 302.706370
20080617 302.915529
20080618 304.537297
20080619 301.833852
20080620 301.833852
20080623 300.608645
20080624 303.198260
20080625 307.009521
20080626 309.521218
20080627 307.477676
20080630 307.926393
20080701 309.008199
20080702 311.960115
20080703 319.621322
20080704 320.278026
20080707 321.537488
20080708 321.537488
20080709 321.537488
20080710 321.537488
20080711 321.537488
20080714 322.490783
20080715 322.445144
20080716 321.297991
20080717 321.856099
20080718 322.423889
20080721 324.416050
20080722 324.416050
20080723 324.416050
20080724 324.416050
20080725 324.416050
20080728 324.416050
20080729 324.416050
20080730 324.416050
20080731 324.416050
20080801 325.161743
20080804 325.057639
20080805 323.971370
20080806 323.971370
20080807 323.971370
20080808 323.971370
20080811 323.971370
20080812 323.971370
20080813 323.971370
20080814 323.971370
20080815 323.971370
20080818 323.971370
20080819 323.971370
20080820 323.971370
20080821 323.947958
20080822 323.883555
20080825 323.883555
20080826 323.883555
20080827 323.883555
20080828 323.883555
20080829 323.883555
20080901 323.883555
20080902 323.883555
20080903 323.883555
20080904 323.883555
20080905 323.883555
20080908 323.883555
20080909 323.883555
20080910 323.883555
20080911 323.883555
20080912 323.883555
20080916 323.883555
20080917 323.883555
20080918 323.883555
20080919 323.883555
20080922 323.883555
20080923 323.883555
20080924 323.883555
20080925 323.883555
20080926 323.883555
20081006 326.133298
20081007 325.895568
20081008 325.463073
20081009 324.587888
20081010 325.016164
20081013 325.313264
20081014 325.095439
20081015 323.415359
20081016 322.603246
20081017 321.777095
20081020 324.567289
20081021 325.701568
20081022 326.135327
20081023 325.905413
20081024 326.012626
20081027 321.468405
20081028 321.568982
20081029 319.905440
20081030 319.782241
20081031 318.915830
20081103 319.197978
20081104 319.350270
20081105 319.764718
20081106 318.949447
20081107 318.902664
20081110 320.383954
20081111 320.284948
20081112 320.894231
20081113 325.523844
20081114 329.782164
20081117 333.558290
20081118 323.541147
20081119 330.966380
20081120 331.061205
20081121 327.480857
20081124 325.699260
20081125 324.449926
20081126 326.381709
20081127 330.312372
20081128 330.995013
20081201 336.545095
20081202 338.146027
20081203 346.658283
20081204 345.934886
20081205 349.395432
20081208 355.382691
20081209 351.722621
20081210 355.926231
20081211 351.793449
20081212 341.151778
20081215 342.989285
20081216 343.111733
20081217 346.146086
20081218 347.805412
20081219 352.036252
20081222 349.783638
20081223 343.485079
20081224 340.315423
20081225 340.243471
20081226 337.574139
20081229 336.780935
20081230 334.671015
20081231 334.719651
20090105 337.616354
20090106 341.043900
20090107 341.939382
20090108 340.816422
20090109 343.677846
20090112 345.523705
20090113 345.714178
20090114 348.005432
20090115 349.914002
20090116 353.061994
20090119 357.181750
20090120 358.679180
20090121 361.250455
20090122 360.972354
20090123 363.801663
20090202 369.964625
20090203 374.036871
20090204 377.330355
20090205 370.351024
20090206 380.043182
20090209 380.794193
20090210 389.728004
20090211 391.631451
20090212 393.703280
20090213 406.621518
20090216 407.532998
20090217 404.434236
20090218 396.122685
20090219 397.864855
20090220 404.344760
20090223 418.909635
20090224 416.249680
20090225 416.249680
20090226 412.341670
20090227 406.811081
20090302 407.468540
20090303 407.468476
20090304 414.135515
20090305 416.374008
20090306 412.717848
20090309 412.068800
20090310 416.939168
20090311 415.407225
20090312 413.140964
20090313 413.658384
20090316 415.152346
20090317 422.980260
20090318 429.310116
20090319 429.716157
20090320 431.471117
20090323 431.483364
20090324 430.705751
20090325 430.705751
20090326 430.376388
20090327 431.098595
20090330 430.778285
20090331 434.580038
20090401 434.960164
20090402 434.333793
20090403 432.948565
20090407 431.604910
20090408 425.066858
20090409 432.461230
20090410 434.460280
20090413 435.915639
20090414 442.724649
20090415 443.528791
20090416 443.965983
20090417 443.965983
20090420 443.965983
20090421 452.760198
20090422 452.760198
20090423 452.760198
20090424 452.760198
20090427 448.870377
20090428 447.346794
20090429 453.605630
20090430 453.414858
20090504 458.465845
20090505 459.425281
20090506 467.841718
20090507 467.188148
20090508 466.937445
20090511 466.305944
20090512 465.787067
20090513 467.974730
20090514 467.806430
20090515 469.936807
20090518 469.936807
20090519 469.936807
20090520 469.936807
20090521 469.936807
20090522 470.083031
20090525 470.083031
20090526 470.083031
20090527 470.083031
20090601 470.083031
20090602 470.083031
20090603 470.083031
20090604 470.083031
20090605 470.083031
20090608 470.083031
20090609 470.083031
20090610 470.083031
20090611 470.083031
20090612 470.083031
20090615 470.083031
20090616 470.083031
20090617 470.083031
20090618 470.083031
20090619 470.083031
20090622 470.083031
20090623 470.083031
20090624 470.083031
20090625 470.083031
20090626 470.083031
20090629 470.083031
20090630 470.083031
20090701 470.083031
20090702 470.083031
20090703 470.083031
20090706 470.083031
20090707 470.083031
20090708 470.083031
20090709 470.083031
20090710 470.083031
20090713 470.083031
20090714 470.083031
20090715 470.083031
20090716 470.083031
20090717 470.083031
20090720 470.083031
20090721 470.083031
20090722 470.083031
20090723 470.083031
20090724 470.083031
20090727 470.083031
20090728 470.083031
20090729 470.083031
20090730 470.083031
20090731 470.083031
20090803 470.083031
20090804 470.083031
20090805 470.083031
20090806 470.083031
20090807 470.083031
20090810 470.083031
20090811 470.083031
20090812 470.083031
20090813 470.083031
20090814 470.083031
20090817 470.083031
20090818 470.083031
20090819 470.083031
20090820 473.502990
20090821 473.502990
20090824 479.609579
20090825 479.609579
20090826 479.609579
20090827 479.609579
20090828 479.609579
20090831 469.852043
20090901 467.757703
20090902 467.658898
20090903 475.396902
20090904 477.029398
20090907 476.838586
20090908 479.590681
20090909 482.273549
20090910 481.622914
20090911 481.674366
20090914 482.504586
20090915 486.043561
20090916 486.043561
20090917 486.043561
20090918 486.043561
20090921 486.043561
20090922 486.043561
20090923 486.043561
20090924 486.043561
20090925 486.043561
20090928 486.043561
20090929 486.043561
20090930 486.043561
20091009 486.043561
20091012 486.043561
20091013 486.043561
20091014 486.043561
20091015 486.043561
20091016 486.043561
20091019 486.043561
20091020 486.043561
20091021 486.043561
20091022 486.043561
20091023 486.043561
20091026 486.043561
20091027 486.043561
20091028 486.043561
20091029 486.043561
20091030 486.043561
20091102 486.043561
20091103 486.043561
20091104 486.043561
20091105 486.043561
20091106 486.043561
20091109 486.043561
20091110 486.043561
20091111 486.043561
20091112 486.043561
20091113 486.043561
20091116 486.043561
20091117 486.043561
20091118 486.043561
20091119 486.043561
20091120 486.043561
20091123 486.043561
20091124 486.043561
20091125 486.043561
20091126 486.043561
20091127 486.043561
20091130 486.043561
20091201 486.043561
20091202 486.043561
20091203 486.043561
20091204 486.043561
20091207 486.043561
20091208 486.043561
20091209 486.043561
20091210 486.043561
20091211 486.043561
20091214 486.043561
20091215 486.043561
20091216 486.043561
20091217 486.043561
20091218 486.043561
20091221 485.764225
20091222 485.764225
20091223 485.764225
20091224 485.764225
20091225 485.764225
20091228 485.764225
20091229 485.764225
20091230 485.764225
20091231 485.764225
20100104 485.764225
20100105 485.764225
20100106 485.764225
20100107 485.764225
20100108 485.764225
20100111 485.764225
20100112 485.764225
20100113 485.764225
20100114 485.764225
20100115 485.764225
20100118 485.764225
20100119 485.764225
20100120 485.764225
20100121 485.764225
20100122 485.764225
20100125 485.764225
20100126 485.764225
20100127 483.614162
20100128 484.726838
20100129 484.726838
20100201 484.726838
20100202 484.726838
20100203 484.726838
20100204 484.726838
20100205 484.726838
20100208 484.726838
20100209 484.726838
20100210 485.039830
20100211 484.425970
20100212 486.608381
20100222 488.374093
20100223 488.095981
20100224 488.095981
20100225 488.708653
20100226 489.432064
20100301 489.432064
20100302 489.432064
20100303 489.432064
20100304 489.432064
20100305 489.432064
20100308 489.432064
20100309 489.432064
20100310 489.432064
20100311 489.432064
20100312 489.432064
20100315 489.432064
20100316 489.432064
20100317 489.432064
20100318 489.432064
20100319 489.432064
20100322 489.432064
20100323 489.432064
20100324 489.432064
20100325 489.432064
20100326 489.432064
20100329 489.937916
20100330 489.847072
20100331 489.656837
20100401 492.882416
20100402 494.356437
20100406 494.849151
20100407 494.162088
20100408 491.310621
20100409 492.449062
20100412 492.449062
20100413 493.193317
20100414 494.958645
20100415 493.457186
20100416 492.246535
20100419 489.028000
20100420 490.389112
20100421 492.312206
20100422 494.622287
20100423 494.964303
20100426 494.808595
20100427 492.922903
20100428 493.103848
20100429 493.103848
20100430 493.103848
20100504 493.103848
20100505 495.506751
20100506 495.506751
20100507 495.506751
20100510 495.506751
20100511 495.506751
20100512 495.506751
20100513 501.290407
20100514 501.290407
20100517 501.290407
20100518 501.290407
20100519 501.290407
20100520 501.290407
20100521 501.290407
20100524 501.290407
20100525 501.290407
20100526 501.290407
20100527 501.290407
20100528 501.290407
20100531 501.290407
20100601 501.290407
20100602 501.290407
20100603 501.290407
20100604 501.290407
20100607 501.290407
20100608 501.290407
20100609 501.290407
20100610 501.290407
20100611 501.290407
20100617 501.290407
20100618 501.290407
20100621 502.173385
20100622 502.492225
20100623 503.466201
20100624 503.288681
20100625 503.259053
20100628 503.189903
20100629 502.537565
20100630 502.547501
20100701 502.378611
20100702 502.239337
20100705 502.189542
20100706 502.737512
20100707 503.005347
20100708 503.074639
20100709 503.856210
20100712 504.023359
20100713 504.131371
20100714 504.072506
20100715 503.827120
20100716 504.171331
20100719 504.955957
20100720 505.072924
20100721 505.160568
20100722 505.676336
20100723 506.112473
20100726 506.257352
20100727 505.890744
20100728 506.587390
20100729 506.212104
20100730 506.221755
20100802 506.308611
20100803 505.932496
20100804 505.971187
20100805 505.806800
20100806 506.136001
20100809 506.078057
20100810 505.933132
20100811 505.933132
20100812 505.778368
20100813 506.020484
20100816 506.407128
20100817 506.262578
20100818 506.330111
20100819 506.359039
20100820 506.359039
20100823 506.359039
20100824 506.185397
20100825 506.021177
20100826 506.021177
20100827 505.992039
20100830 505.992039
20100831 505.875563
20100901 505.875563
20100902 505.875563
20100903 505.875563
20100906 505.875563
20100907 505.875563
20100908 505.875563
20100909 505.875563
20100910 505.875563
20100913 505.875563
20100914 505.875563
20100915 505.875563
20100916 505.875563
20100917 505.875563
20100920 505.875563
20100921 505.875563
20100927 505.875563
20100928 505.875563
20100929 505.875563
20100930 505.875563
20101008 505.875563
20101011 505.875563
20101012 505.875563
20101013 505.875563
20101014 505.875563
20101015 505.875563
20101018 505.875563
20101019 505.875563
20101020 505.875563
20101021 505.875563
20101022 505.875563
20101025 505.875563
20101026 505.875563
20101027 505.875563
20101028 505.875563
20101029 505.875563
20101101 505.875563
20101102 505.875563
20101103 505.875563
20101104 505.875563
20101105 505.875563
20101108 505.875563
20101109 505.875563
20101110 505.875563
20101111 505.875563
20101112 505.875563
20101115 505.875563
20101116 505.875563
20101117 505.875563
20101118 505.875563
20101119 505.875563
20101122 505.875563
20101123 505.875563
20101124 508.547441
20101125 508.547441
20101126 508.547441
20101129 508.547441
20101130 509.663584
20101201 508.703683
20101202 512.542956
20101203 512.542956
20101206 512.542956
20101207 512.542956
20101208 512.542956
20101209 512.542956
20101210 512.542956
20101213 512.542956
20101214 512.542956
20101215 512.542956
20101216 512.542956
20101217 512.542956
20101220 512.542956
20101221 512.542956
20101222 512.542956
20101223 512.542956
20101224 512.542956
20101227 512.542956
20101228 512.542956
20101229 512.542956
20101230 512.542956
20101231 512.542956
20110104 512.542956
20110105 512.542956
20110106 512.542956
20110107 512.542956
20110110 512.542956
20110111 512.542956
20110112 512.542956
20110113 512.542956
20110114 512.542956
20110117 512.542956
20110118 512.542956
20110119 512.542956
20110120 512.542956
20110121 512.542956
20110124 512.542956
20110125 512.542956
20110126 512.542956
20110127 512.542956
20110128 512.542956
20110131 512.542956
20110201 512.542956
20110209 512.542956
20110210 512.542956
20110211 512.542956
20110214 512.542956
20110215 512.542956
20110216 512.542956
20110217 512.542956
20110218 512.542956
20110221 512.542956
20110222 512.542956
20110223 512.542956
20110224 512.542956
20110225 512.542956
20110228 512.542956
20110301 512.542956
20110302 512.542956
20110303 512.542956
20110304 512.542956
20110307 512.542956
20110308 512.542956
20110309 512.542956
20110310 512.542956
20110311 512.542956
20110314 512.542956
20110315 512.542956
20110316 512.542956
20110317 512.542956
20110318 512.542956
20110321 512.542956
20110322 512.542956
20110323 512.542956
20110324 512.542956
20110325 512.542956
20110328 512.542956
20110329 512.112638
20110330 511.926384
20110331 510.417227
20110401 510.957760
20110406 511.624171
20110407 516.264869
20110408 515.895668
20110411 516.841889
20110412 517.078766
20110413 517.217371
20110414 517.689753
20110415 517.689753
20110418 517.689753
20110419 515.111400
20110420 512.726038
20110421 513.703120
20110422 512.517035
20110425 510.963953
20110426 511.709109
20110427 510.544931
20110428 510.544931
20110429 510.544931
20110503 510.544931
20110504 510.544931
20110505 510.544931
20110506 510.544931
20110509 510.544931
20110510 510.544931
20110511 510.162012
20110512 511.346915
20110513 511.492656
20110516 511.460306
20110517 508.944463
20110518 508.944463
20110519 508.944463
20110520 508.944463
20110523 508.944463
20110524 508.944463
20110525 508.944463
20110526 508.944463
20110527 508.944463
20110530 508.944463
20110531 508.944463
20110601 508.944463
20110602 508.944463
20110603 508.944463
20110607 508.944463
20110608 508.944463
20110609 508.944463
20110610 508.944463
20110613 508.944463
20110614 508.944463
20110615 508.944463
20110616 508.944463
20110617 508.944463
20110620 508.944463
20110621 508.944463
20110622 508.944463
20110623 508.944463
20110624 508.944463
20110627 508.944463
20110628 508.800106
20110629 508.800106
20110630 508.911039
20110701 508.996298
20110704 509.848318
20110705 510.229180
20110706 510.431702
20110707 509.934624
20110708 509.444059
20110711 509.444059
20110712 508.102523
20110713 509.921772
20110714 510.294039
20110715 510.100011
20110718 509.897238
20110719 508.009965
20110720 506.134910
20110721 505.055812
20110722 505.466370
20110725 503.208981
20110726 503.571375
20110727 507.024001
20110728 505.636705
20110729 505.998971
20110801 506.370197
20110802 505.145562
20110803 504.267848
20110804 505.521358
20110805 503.712468
20110808 501.472125
20110809 501.520091
20110810 502.466683
20110811 502.475302
20110812 502.914860
20110815 504.460837
20110816 504.503261
20110817 505.385378
20110818 504.458838
20110819 504.908566
20110822 505.728731
20110823 506.224379
20110824 505.144902
20110825 505.144902
20110826 505.035751
20110829 499.157163
20110830 499.190493
20110831 497.959289
20110901 496.335780
20110902 484.894337
20110905 470.273775
20110906 469.129489
20110907 480.499547
20110908 480.408739
20110909 483.283819
20110913 480.778365
20110914 481.551390
20110915 481.392793
20110916 482.804309
20110919 481.817499
20110920 482.687088
20110921 485.449046
20110922 481.310959
20110923 476.822728
20110926 472.554933
20110927 474.372698
20110928 475.028283
20110929 469.276678
20110930 472.385563
20111010 473.006492
20111011 469.199462
20111012 478.142550
20111013 482.335067
20111014 482.695912
20111017 487.731403
20111018 482.623158
20111019 482.576322
20111020 478.755183
20111021 483.084923
20111024 489.054465
20111025 492.649393
20111026 495.825023
20111027 493.270735
20111028 500.366360
20111031 504.102022
20111101 506.946627
20111102 510.624249
20111103 511.915111
20111104 512.713639
20111107 513.110380
20111108 513.922485
20111109 513.276343
20111110 509.582641
20111111 506.709030
20111114 511.209775
20111115 510.740782
20111116 506.103390
20111117 505.186179
20111118 499.895058
20111121 500.252134
20111122 500.447196
20111123 500.694543
20111124 500.588971
20111125 500.385098
20111128 500.077719
20111129 500.564733
20111130 494.255810
20111201 496.664160
20111202 491.991011
20111205 490.232779
20111206 490.028154
20111207 491.339363
20111208 491.126599
20111209 490.895048
20111212 491.542120
20111213 490.150139
20111214 490.303794
20111215 490.517728
20111216 492.766448
20111219 491.577590
20111220 493.726207
20111221 491.497403
20111222 490.210854
20111223 491.946003
20111226 490.288359
20111227 488.703413
20111228 488.837919
20111229 490.264002
20111230 491.522960
20120104 493.029857
20120105 492.535858
20120106 494.179930
20120109 499.542237
20120110 506.721709
20120111 503.022723
20120112 503.679529
20120113 499.393584
20120116 497.214695
20120117 501.732733
20120118 499.033992
20120119 503.767399
20120120 507.588865
20120130 505.030708
20120131 505.110860
20120201 505.327022
20120202 507.955236
20120203 508.934016
20120206 508.888409
20120207 504.361301
20120208 507.423592
20120209 507.658922
20120210 507.065618
20120213 505.925461
20120214 506.170232
20120215 508.119830
20120216 507.755544
20120217 507.427433
20120220 508.447934
20120221 506.353917
20120222 506.195752
20120223 505.979614
20120224 505.503400
20120227 506.127960
20120228 506.205818
20120229 505.758326
20120301 505.343996
20120302 506.283947
20120305 507.287292
20120306 506.364686
20120307 505.537772
20120308 507.958307
20120309 511.642049
20120312 513.546327
20120313 515.434359
20120314 511.465170
20120315 510.410581
20120316 514.732790
20120319 515.519176
20120320 514.329600
20120321 512.992698
20120322 512.524706
20120323 511.332891
20120326 510.522035
20120327 510.328443
20120328 507.232898
20120329 505.452926
20120330 505.557987
20120405 507.396975
20120406 507.444100
20120409 507.621409
20120410 507.817932
20120411 508.929482
20120412 512.443274
20120413 516.240086
20120416 516.481406
20120417 514.103700
20120418 517.683965
20120419 517.765994
20120420 518.016303
20120423 515.942316
20120424 515.293491
20120425 517.308799
20120426 516.432618
20120427 516.702114
20120502 519.903356
20120503 519.706955
20120504 520.680048
20120507 521.471366
20120508 519.690411
20120509 516.825711
20120510 517.308293
20120511 516.674166
20120514 514.960979
20120515 515.314628
20120516 513.584663
20120517 516.836846
20120518 514.548214
20120521 516.516755
20120522 521.030100
20120523 521.146654
20120524 521.540781
20120525 520.788820
20120528 522.518076
20120529 525.062648
20120530 527.027939
20120531 527.746251
20120601 526.929249
20120604 523.784326
20120605 524.451398
20120606 525.099804
20120607 526.488690
20120608 527.478396
20120611 529.461338
20120612 528.599947
20120613 533.479049
20120614 532.834435
20120615 533.398660
20120618 535.301311
20120619 534.541187
20120620 532.795261
20120621 531.084392
20120625 529.965243
20120626 527.441530
20120627 528.230077
20120628 526.877612
20120629 527.818705
20120702 528.829794
20120703 529.007683
20120704 530.599258
20120705 529.802516
20120706 533.731126
20120709 533.958720
20120710 532.830748
20120711 533.636191
20120712 533.439198
20120713 533.744080
20120716 532.810617
20120717 532.939678
20120718 533.926615
20120719 534.464902
20120720 534.645828
20120723 533.488898
20120724 532.493355
20120725 532.378043
20120726 530.429676
20120727 530.603627
20120730 530.921569
20120731 531.336050
20120801 531.965441
20120802 531.211668
20120803 530.496751
20120806 531.413327
20120807 531.984913
20120808 533.393726
20120809 536.151592
20120810 535.993132
20120813 535.129140
20120814 535.173879
20120815 532.641601
20120816 531.301477
20120817 531.445349
20120820 530.160893
20120821 531.734950
20120822 528.420510
20120823 527.197443
20120824 525.656299
20120827 520.958241
20120828 521.858170
20120829 520.360819
20120830 520.371935
20120831 520.342127
20120903 521.640746
20120904 520.302135
20120905 518.221989
20120906 515.932405
20120907 521.233491
20120910 522.553961
20120911 520.088531
20120912 519.209120
20120913 517.369657
20120914 517.522342
20120917 514.161020
20120918 512.792669
20120919 510.049334
20120920 508.863833
20120921 508.076426
20120924 507.552696
20120925 507.261361
20120926 505.320599
20120927 507.727206
20120928 510.639057
20121008 510.419923
20121009 516.317338
20121010 517.176720
20121011 517.070809
20121012 517.981550
20121015 516.291108
20121016 516.022495
20121017 517.272730
20121018 519.983774
20121019 520.544304
20121022 521.090126
20121023 519.574454
20121024 518.081510
20121025 517.425640
20121026 513.322494
20121029 512.076807
20121030 512.312789
20121031 512.263325
20121101 513.607531
20121102 515.167817
20121105 514.382375
20121106 512.776000
20121107 512.675729
20121108 511.236919
20121109 512.047008
20121112 513.117338
20121113 511.007869
20121114 511.124537
20121115 510.506431
20121116 509.587420
20121119 509.775502
20121120 509.885955
20121121 510.373337
20121122 509.689546
20121123 511.638426
20121126 512.281617
20121127 511.961987
20121128 510.092309
20121129 509.794436
20121130 511.245161
20121203 510.174652
20121204 509.643189
20121205 513.610660
20121206 514.500274
20121207 517.998067
20121210 520.776946
20121211 519.929655
20121212 519.904878
20121213 518.101844
20121214 523.588793
20121217 526.917551
20121218 526.918466
20121219 526.154220
20121220 526.248659
20121221 525.711025
20121224 525.194358
20121225 530.392876
20121226 532.004224
20121227 532.090137
20121228 533.207719
20121231 536.047080
20130104 538.868022
20130107 540.069548
20130108 540.038577
20130109 540.824526
20130110 544.675088
20130111 542.162080
20130114 552.395789
20130115 559.464465
20130116 560.418854
20130117 561.126058
20130118 563.693061
20130121 566.707296
20130122 564.710537
20130123 565.220497
20130124 563.906053
20130125 562.018693
20130128 571.116768
20130129 572.987297
20130130 574.953184
20130131 581.383104
20130201 584.976876
20130204 585.621565
20130205 583.516320
20130206 584.891381
20130207 587.296939
20130208 590.385517
20130218 589.123830
20130219 586.360254
20130220 589.335033
20130221 582.840726
20130222 579.494502
20130225 579.659577
20130226 577.878390
20130227 579.170943
20130228 587.173856
20130301 587.213938
20130304 576.492588
20130305 580.432504
20130306 586.177427
20130307 584.713938
20130308 586.234450
20130311 583.795768
20130312 584.431054
20130313 582.539811
20130314 581.816129
20130315 582.801468
20130318 579.780756
20130319 581.696652
20130320 588.683471
20130321 592.227511
20130322 599.649955
20130325 600.603952
20130326 596.270799
20130327 595.176279
20130328 586.501105
20130329 585.566048
20130401 586.100386
20130402 584.763344
20130403 583.610173
20130408 582.874572
20130409 586.128927
20130410 587.976513
20130411 589.604264
20130412 589.014378
20130415 583.971391
20130416 585.543551
20130417 584.210593
20130418 583.896313
20130419 590.011032
20130422 586.671695
20130423 579.342389
20130424 582.299465
20130425 584.201172
20130426 583.914185
20130502 583.040049
20130503 588.049862
20130506 593.748769
20130507 598.285825
20130508 600.439806
20130509 598.284870
20130510 598.825951
20130513 598.785254
20130514 595.700657
20130515 596.717236
20130516 603.918832
20130517 612.352740
20130520 616.953712
20130521 613.741642
20130522 609.963020
20130523 608.314841
20130524 609.591847
20130527 609.884334
20130528 614.122204
20130529 614.503468
20130530 615.139822
20130531 615.070410
20130603 617.586050
20130604 615.676989
20130605 615.603613
20130606 612.740328
20130607 611.016638
20130613 600.602612
20130614 598.721475
20130617 599.050048
20130618 600.750433
20130619 594.809082
20130620 573.486355
20130621 576.085720
20130624 557.103538
20130625 565.236413
20130626 569.276005
20130627 573.187607
20130628 575.148435
20130701 588.650161
20130702 592.235785
20130703 590.982041
20130704 594.855485
20130705 597.008902
20130708 593.053462
20130709 592.731854
20130710 597.070587
20130711 601.382770
20130712 597.746796
20130715 598.534465
20130716 597.379407
20130717 595.359027
20130718 589.445420
20130719 588.527668
20130722 586.652305
20130723 591.965404
20130724 590.151334
20130725 589.578377
20130726 589.078127
20130729 585.000840
20130730 585.173556
20130731 586.458998
20130801 593.092443
20130802 594.779192
20130805 597.607556
20130806 601.458403
20130807 599.943563
20130808 599.475396
20130809 598.999307
20130812 603.646038
20130813 605.379003
20130814 603.452998
20130815 601.108206
20130816 598.584617
20130819 601.164903
20130820 600.282127
20130821 596.429852
20130822 595.699084
20130823 595.548343
20130826 600.928153
20130827 601.701276
20130828 601.921249
20130829 601.692251
20130830 602.543695
20130902 602.898100
20130903 606.272297
20130904 606.128704
20130905 606.073843
20130906 605.806474
20130909 612.283187
20130910 616.197978
20130911 615.529407
20130912 616.125613
20130913 613.070415
20130916 610.188170
20130917 606.560814
20130918 608.374758
20130923 610.679599
20130924 608.816257
20130925 609.188778
20130926 605.095969
20130927 605.529318
20130930 604.275311
20131008 605.760432
20131009 607.182307
20131010 605.165271
20131011 607.610523
20131014 612.526928
20131015 614.396747
20131016 611.897969
20131017 611.243738
20131018 611.492028
20131021 613.357323
20131022 610.719028
20131023 608.311380
20131024 605.908804
20131025 602.385711
20131028 602.216302
20131029 601.204371
20131030 605.531602
20131031 604.859840
20131101 606.732022
20131104 606.660300
20131105 606.750411
20131106 604.620380
20131107 604.330333
20131108 600.940949
20131111 599.768011
20131112 601.241663
20131113 596.685003
20131114 596.529512
20131115 595.874877
20131118 602.953892
20131119 601.793941
20131120 602.470538
20131121 602.237621
20131122 601.567916
20131125 599.085389
20131126 597.710701
20131127 597.956575
20131128 599.755490
20131129 598.142084
20131202 597.680773
20131203 600.106432
20131204 604.808380
20131205 603.938255
20131206 602.451477
20131209 601.018467
20131210 602.667195
20131211 599.009634
20131212 599.050447
20131213 598.970394
20131216 596.308342
20131217 593.836021
20131218 591.774056
20131219 584.900267
20131220 582.821335
20131223 581.880567
20131224 582.603221
20131225 584.894816
20131226 583.768034
20131227 585.062827
20131230 583.430596
20131231 584.217871
20140102 585.049319
20140103 582.404860
20140106 575.832637
20140107 575.154860
20140108 574.642787
20140109 571.539749
20140110 568.522029
20140113 566.922377
20140114 568.058924
20140115 567.471346
20140116 568.632711
20140117 567.518155
20140120 561.578769
20140121 563.168319
20140122 569.737600
20140123 567.817189
20140124 569.515418
20140127 568.139860
20140128 569.555714
20140129 572.699949
20140130 572.392667
20140207 571.663803
20140210 577.491214
20140211 578.384042
20140212 578.095841
20140213 578.126111
20140214 580.611063
20140217 581.233264
20140218 578.257393
20140219 578.226168
20140220 584.042040
20140221 581.839676
20140224 577.023514
20140225 575.100582
20140226 577.265360
20140227 581.143198
20140228 583.534563
20140303 585.805956
20140304 585.345821
20140305 583.742168
20140306 584.831718
20140307 589.495407
20140310 584.088757
20140311 585.142602
20140312 583.881908
20140313 585.452504
20140314 585.888016
20140317 586.568347
20140318 587.622226
20140319 585.684076
20140320 586.045945
20140321 588.860738
20140324 589.811755
20140325 589.553232
20140326 589.427166
20140327 589.228996
20140328 587.791141
20140331 586.863387
20140401 588.694199
20140402 589.683657
20140403 589.998002
20140404 591.738785
20140408 595.631132
20140409 596.542470
20140410 599.200752
20140411 598.455568
20140414 597.757079
20140415 596.339843
20140416 595.278031
20140417 595.929839
20140418 597.020906
20140421 595.543875
20140422 595.674193
20140423 595.960759
20140424 595.934294
20140425 595.533998
20140428 592.229801
20140429 593.887565
20140430 595.507116
20140505 595.801525
20140506 596.692852
20140507 595.652495
20140508 596.349177
20140509 598.210614
20140512 602.836440
20140513 601.909520
20140514 601.741141
20140515 600.387802
20140516 599.727721
20140519 596.981961
20140520 596.655793
20140521 597.998721
20140522 598.983388
20140523 600.713888
20140526 600.572574
20140527 600.849022
20140528 602.270025
20140529 602.368433
20140530 602.665594
20140603 603.990932
20140604 601.912209
20140605 604.895072
20140606 605.451298
20140609 607.547145
20140610 611.421242
20140611 611.427934
20140612 611.546259
20140613 616.718457
20140616 619.789535
20140617 614.447341
20140618 610.303068
20140619 609.366669
20140620 611.774435
20140623 612.956568
20140624 614.701761
20140625 614.910009
20140626 618.367530
20140627 619.372100
20140630 620.327796
20140701 619.118032
20140702 619.195605
20140703 620.439082
20140704 619.922576
20140707 619.906428
20140708 620.444592
20140709 617.050861
20140710 617.170371
20140711 619.776220
20140714 623.029635
20140715 623.574282
20140716 624.424638
20140717 622.487783
20140718 623.921370
20140721 622.594158
20140722 626.149042
20140723 626.099103
20140724 629.149878
20140725 630.324502
20140728 634.511402
20140729 634.949131
20140730 634.138011
20140731 636.822423
20140801 642.884500
20140804 647.101745
20140805 648.472703
20140806 648.941540
20140807 644.978859
20140808 645.406471
20140811 649.175176
20140812 650.861905
20140813 649.795325
20140814 647.274266
20140815 650.006105
20140818 652.874405
20140819 654.449433
20140820 653.993860
20140821 649.505869
20140822 650.417496
20140825 649.822838
20140826 646.111134
20140827 646.310852
20140828 644.948403
20140829 648.929538
20140901 653.708395
20140902 659.429460
20140903 666.001194
20140904 669.188488
20140905 672.345544
20140909 670.546473
20140910 670.676621
20140911 670.122630
20140912 675.692572
20140915 675.959050
20140916 667.492352
20140917 669.763697
20140918 672.711042
20140919 674.982210
20140922 666.745522
20140923 668.818648
20140924 677.498860
20140925 681.863780
20140926 680.927773
20140929 682.294445
20140930 687.431510
20141008 688.486578
20141009 691.031235
20141010 686.743415
20141013 683.142342
20141014 681.049582
20141015 684.884445
20141016 684.531362
20141017 683.883023
20141020 688.005170
20141021 688.724820
20141022 688.427038
20141023 692.302726
20141024 692.337272
20141027 689.966101
20141028 698.818899
20141029 711.129302
20141030 723.251303
20141031 735.946001
20141103 747.051936
20141104 756.079308
20141105 751.069759
20141106 751.715354
20141107 757.158630
20141110 773.552670
20141111 766.760175
20141112 772.251782
20141113 769.073130
20141114 764.568328
20141117 756.340537
20141118 746.583165
20141119 748.064482
20141120 752.075855
20141121 763.291475
20141124 775.958604
20141125 781.559644
20141126 787.193688
20141127 793.704224
20141128 803.725261
20141201 799.885272
20141202 813.575454
20141203 817.235733
20141204 836.884122
20141205 836.597013
20141208 852.338638
20141209 802.780737
20141210 820.075355
20141211 820.014345
20141212 823.096157
20141215 824.656109
20141216 841.743539
20141217 855.795077
20141218 868.669605
20141219 880.066199
20141222 885.451770
20141223 873.798835
20141224 865.789179
20141225 884.541360
20141226 907.326858
20141229 911.730954
20141230 905.210468
20141231 914.267536
20150105 949.812176
20150106 951.602489
20150107 957.641199
20150108 957.641199
20150109 957.641199
20150112 957.641199
20150113 958.110991
20150114 953.753614
20150115 961.017459
20150116 963.864006
20150119 935.234568
20150120 942.729030
20150121 957.610065
20150122 967.967514
20150123 962.772329
20150126 966.602573
20150127 956.961584
20150128 937.439344
20150129 927.137435
20150130 916.151105
20150202 889.420999
20150203 898.814758
20150204 897.146738
20150205 893.641012
20150206 861.292958
20150209 856.727315
20150210 860.438661
20150211 861.515860
20150212 862.451510
20150213 873.300578
20150216 878.380745
20150217 878.884961
20150225 880.454852
20150226 895.261570
20150227 893.512046
20150302 894.925387
20150303 913.560015
20150304 917.272556
20150305 918.490354
20150306 922.584506
20150309 922.584506
20150310 931.479634
20150311 931.479634
20150312 931.479634
20150313 931.479634
20150316 935.672005
20150317 935.672005
20150318 935.672005
20150319 935.672005
20150320 935.672005
20150323 935.672005
20150324 935.672005
20150325 935.672005
20150326 935.672005
20150327 935.672005
20150330 935.672005
20150331 935.672005
20150401 935.672005
20150402 935.672005
20150403 935.672005
20150407 935.672005
20150408 935.672005
20150409 935.672005
20150410 935.672005
20150413 935.672005
20150414 935.672005
20150415 935.672005
20150416 935.672005
20150417 935.672005
20150420 935.672005
20150421 935.672005
20150422 935.672005
20150423 935.672005
20150424 935.672005
20150427 935.672005
20150428 935.672005
20150429 935.672005
20150430 935.672005
20150504 935.672005
20150505 935.672005
20150506 935.672005
20150507 935.672005
20150508 940.001572
20150511 940.001572
20150512 939.175756
20150513 938.129301
20150514 949.702144
20150515 947.992927
20150518 941.646225
20150519 946.849271
20150520 946.555833
20150521 949.552611
20150522 952.903717
20150525 952.903717
20150526 952.903717
20150527 952.903717
20150528 952.903717
20150529 952.121015
20150601 959.707164
20150602 959.707164
20150603 959.707164
20150604 959.707164
20150605 959.707164
20150608 959.707164
20150609 959.707164
20150610 959.707164
20150611 959.707164
20150612 959.707164
20150615 959.707164
20150616 953.219841
20150617 954.718807
20150618 942.893123
20150619 934.139515
20150623 936.616810
20150624 946.159015
20150625 946.159015
20150626 946.159015
20150629 927.923218
20150630 956.007391
20150701 948.280524
20150702 917.516244
20150703 923.653278
20150706 934.333180
20150707 932.907848
20150708 904.079534
20150709 949.825837
20150710 949.825837
20150713 949.825837
20150714 949.825837
20150715 949.825837
20150716 949.825837
20150717 949.825837
20150720 949.825837
20150721 949.825837
20150722 949.825837
20150723 949.825837
20150724 949.825837
20150727 949.825837
20150728 949.825837
20150729 949.825837
20150730 949.825837
20150731 949.825837
20150803 949.825837
20150804 949.825837
20150805 949.825837
20150806 949.825837
20150807 949.825837
20150810 949.825837
20150811 949.825837
20150812 949.825837
20150813 949.825837
20150814 949.825837
20150817 949.825837
20150818 949.825837
20150819 949.825837
20150820 949.825837
20150821 949.825837
20150824 949.825837
diary off;
